98
6
1
0 0 1 
0 0 3 
0 1 1 
0 1 2 
0 1 3 
0 2 4 
0 4 4 
0 7 19 
0 8 19 
0 22 10 
0 24 12 
1 0 3 
1 4 3 
1 4 5 
1 7 17 
1 8 18 
1 21 13 
2 8 17 
2 10 19 
2 22 11 
2 25 13 
3 1 0 
3 4 1 
3 4 5 
3 8 20 
3 9 17 
3 9 19 
3 10 18 
3 21 13 
3 22 10 
4 0 0 
4 0 2 
4 0 5 
4 2 0 
4 2 5 
4 3 0 
4 8 20 
4 9 18 
4 10 19 
4 10 20 
4 22 11 
5 0 1 
5 0 2 
5 0 31 
5 0 33 
5 1 32 
5 2 4 
5 2 33 
5 3 1 
5 3 2 
5 7 17 
5 7 19 
5 8 19 
5 9 18 
5 21 11 
6 0 30 
6 1 33 
6 2 33 
6 4 31 
7 3 33 
7 4 32 
8 0 31 
8 4 30 
8 5 31 
9 0 31 
9 2 32 
10 0 32 
10 0 34 
10 5 30 
10 16 2 
10 16 5 
11 18 2 
12 18 3 
12 19 2 
13 16 3 
13 17 0 
13 19 2 
14 18 5 
20 10 37 
20 12 35 
20 12 40 
20 14 35 
20 14 38 
20 15 38 
21 13 37 
21 14 39 
22 10 39 
22 11 37 
22 13 35 
23 11 37 
23 13 38 
23 14 37 
23 15 40 
24 10 38 
24 13 39 
24 15 39 
25 11 36 
25 14 36 