300
20
1
0 11 24 
0 13 22 
1 13 24 
1 14 25 
2 10 23 
2 11 22 
2 11 24 
2 12 23 
2 14 26 
3 13 22 
3 48 33 
3 48 35 
3 49 33 
3 49 34 
3 49 35 
3 50 33 
3 50 35 
3 51 34 
4 10 24 
4 11 25 
4 13 21 
4 48 34 
4 48 35 
4 49 34 
4 49 35 
4 50 34 
4 50 35 
4 51 34 
5 12 25 
5 13 25 
6 6 49 
6 9 49 
6 9 50 
7 6 50 
7 7 49 
7 8 49 
8 6 50 
9 6 48 
9 9 48 
9 9 49 
9 9 50 
9 31 7 
10 7 48 
10 8 48 
10 9 49 
10 30 7 
10 30 11 
10 31 11 
11 9 49 
11 30 11 
11 32 8 
12 29 58 
12 30 59 
12 31 9 
12 32 7 
12 32 11 
13 30 6 
13 30 8 
13 31 10 
13 31 56 
13 32 11 
14 27 55 
14 29 56 
14 30 10 
14 31 11 
14 31 54 
14 31 58 
15 27 58 
15 29 56 
15 30 57 
15 32 56 
15 43 32 
15 44 30 
16 28 56 
16 44 31 
17 27 54 
17 30 58 
17 31 56 
17 43 30 
17 43 31 
17 43 32 
17 44 30 
17 44 32 
18 44 30 
19 43 30 
19 43 31 
19 44 30 
19 54 47 
19 56 46 
20 43 30 
20 44 30 
20 44 31 
20 51 45 
20 52 46 
20 54 45 
20 54 46 
20 55 50 
21 16 52 
21 17 51 
21 51 50 
21 54 47 
21 55 49 
22 17 54 
22 51 47 
22 53 45 
22 54 47 
23 12 51 
23 12 53 
23 16 52 
23 17 56 
23 54 50 
23 55 49 
24 16 56 
24 34 4 
24 34 5 
25 14 55 
25 16 51 
25 16 53 
25 17 54 
25 34 3 
25 36 4 
26 13 54 
26 15 53 
26 16 54 
26 35 5 
26 36 4 
26 36 5 
26 37 8 
27 37 5 
27 59 29 
27 61 26 
28 37 5 
28 38 7 
28 60 27 
28 60 28 
29 34 3 
29 35 4 
29 35 5 
29 38 3 
29 57 24 
29 58 28 
29 60 28 
29 62 27 
30 5 23 
30 6 21 
30 57 27 
30 60 25 
31 4 18 
31 7 22 
31 58 27 
31 62 26 
32 5 22 
32 6 18 
32 6 19 
32 58 29 
32 60 24 
32 62 29 
33 4 20 
33 34 36 
33 34 38 
33 35 36 
33 35 38 
33 36 36 
34 4 18 
34 7 20 
34 8 23 
34 34 36 
34 34 37 
34 34 38 
34 35 37 
34 36 36 
34 36 37 
34 36 38 
35 4 20 
35 4 23 
35 5 20 
35 8 21 
35 34 36 
35 35 36 
35 36 37 
36 22 0 
36 25 1 
37 21 1 
37 21 3 
37 23 3 
37 26 5 
38 21 3 
38 24 1 
38 24 2 
38 26 4 
39 21 2 
39 23 4 
39 43 41 
39 45 41 
39 45 44 
39 46 43 
39 47 41 
40 21 5 
40 25 3 
40 44 39 
40 44 40 
40 47 40 
41 25 5 
41 47 39 
42 20 20 
42 42 42 
42 42 43 
42 45 39 
43 16 15 
43 16 19 
43 19 18 
43 46 43 
43 47 41 
44 15 15 
44 16 16 
44 16 20 
44 44 41 
45 15 20 
45 19 15 
45 40 62 
45 44 60 
46 17 20 
46 20 17 
46 20 18 
46 39 61 
46 40 59 
46 42 58 
46 44 57 
47 15 18 
47 17 16 
47 18 19 
47 40 59 
47 42 59 
47 43 62 
47 44 60 
47 44 61 
48 25 27 
48 28 32 
48 44 62 
49 25 27 
49 25 31 
49 26 31 
49 26 32 
49 27 31 
50 29 28 
50 39 61 
50 40 60 
50 43 61 
51 29 28 
51 29 32 
51 57 12 
51 58 12 
51 59 13 
51 59 14 
52 24 27 
52 25 30 
52 25 32 
52 28 27 
52 56 9 
52 56 11 
52 58 14 
53 29 32 
53 55 10 
53 56 9 
54 1 12 
54 2 13 
54 4 16 
54 55 12 
55 1 13 
55 2 17 
55 3 13 
55 3 16 
55 57 13 
56 1 15 
56 4 16 
56 5 12 
56 19 46 
56 20 45 
56 54 11 
56 58 10 
56 58 14 
56 59 14 
57 2 16 
57 21 44 
57 22 42 
57 22 45 
58 0 17 
58 4 17 
58 18 45 
58 18 47 
58 22 45 
58 22 46 
59 0 15 
59 5 15 
59 18 44 
59 20 45 
60 21 45 
61 21 47 
61 22 43 
61 23 46 