300
20
0
0 1 4 
0 2 4 
0 4 0 
0 4 2 
0 33 21 
0 33 25 
0 36 25 
0 37 24 
0 38 20 
0 38 23 
0 53 23 
0 53 26 
1 0 1 
1 33 22 
1 33 24 
1 36 24 
1 37 23 
1 37 25 
1 52 23 
1 52 25 
1 52 26 
2 0 38 
2 1 0 
2 1 3 
2 2 34 
2 2 38 
2 3 33 
2 4 36 
2 15 6 
2 18 4 
2 33 25 
2 35 21 
2 37 24 
2 52 23 
3 0 3 
3 0 34 
3 1 2 
3 1 4 
3 3 0 
3 3 4 
3 18 3 
3 36 23 
3 51 26 
3 52 23 
4 0 4 
4 0 38 
4 1 3 
4 3 0 
4 13 1 
4 17 1 
4 23 31 
4 25 32 
4 51 23 
4 52 22 
4 52 23 
4 52 25 
4 53 25 
5 3 33 
5 3 38 
5 4 37 
5 14 5 
5 16 6 
5 18 1 
5 22 30 
5 22 31 
5 23 30 
5 23 31 
5 52 25 
5 53 26 
6 2 38 
6 3 36 
6 16 1 
6 16 3 
6 22 32 
6 25 30 
6 25 32 
7 0 36 
7 0 38 
7 2 34 
7 15 2 
7 15 6 
7 16 4 
7 16 6 
7 17 2 
7 21 30 
7 21 31 
7 24 30 
7 25 31 
7 26 31 
7 26 32 
9 23 15 
9 25 13 
9 27 11 
9 28 13 
10 23 16 
10 24 15 
10 25 12 
10 25 14 
10 41 28 
10 42 30 
10 44 29 
11 1 13 
11 23 12 
11 26 12 
11 41 28 
11 42 29 
11 43 29 
11 43 30 
11 44 28 
12 2 16 
12 4 11 
12 5 11 
12 24 12 
12 41 28 
13 0 16 
13 1 16 
13 2 13 
13 2 16 
13 5 14 
13 5 15 
13 5 16 
13 24 15 
13 27 15 
13 28 12 
13 28 15 
13 43 28 
13 43 30 
13 44 30 
14 0 13 
14 2 13 
14 5 11 
14 41 28 
14 42 30 
14 44 28 
15 3 16 
15 33 40 
15 33 42 
15 34 41 
15 36 41 
16 33 42 
16 35 41 
16 36 40 
17 34 40 
18 33 42 
18 36 42 
19 33 40 
19 34 40 
19 35 40 
19 35 42 
19 36 42 
20 0 30 
20 0 35 
20 1 34 
20 2 31 
21 0 33 
21 1 31 
21 1 32 
21 3 35 
21 13 18 
21 14 18 
21 16 18 
22 1 34 
22 2 31 
22 3 35 
22 13 20 
22 15 19 
22 16 18 
22 16 19 
23 1 35 
23 2 30 
23 2 35 
23 3 34 
23 13 18 
23 15 18 
23 15 19 
24 13 19 
24 14 18 
24 14 20 
24 15 18 
24 15 19 
25 31 1 
25 32 2 
25 32 4 
25 33 4 
25 34 4 
26 31 1 
26 31 2 
26 31 3 
26 31 4 
26 34 1 
26 34 2 
27 31 3 
27 34 1 
27 34 3 
27 34 4 
33 22 3 
33 23 2 
34 21 2 
34 21 3 
34 22 3 
34 23 2 
35 22 1 
35 23 0 
35 23 2 
35 24 1 
36 21 1 
36 22 0 
36 23 1 
36 24 0 
36 24 2 
37 1 46 
37 2 48 
38 4 49 
38 4 50 
39 0 50 
39 1 47 
39 3 47 
40 0 45 
40 2 46 
40 3 48 
40 28 12 
40 29 10 
40 29 11 
40 29 12 
41 0 50 
41 2 45 
41 3 46 
41 29 12 
41 30 10 
41 30 12 
42 1 45 
42 4 47 
43 28 10 
43 28 12 
43 29 11 
43 30 11 
44 28 10 
44 29 10 
44 30 10 
44 30 12 
45 50 2 
45 54 2 
46 50 2 
46 52 3 
47 50 2 
47 51 3 
47 53 2 
47 55 3 
48 52 3 
48 53 2 
49 50 2 
49 55 2 
50 53 2 
50 54 3 
50 55 3 
51 0 14 
51 12 19 
51 12 20 
51 14 18 
51 14 19 
51 14 20 
52 0 15 
52 1 16 
52 2 15 
52 3 14 
52 12 18 
52 12 19 
52 12 20 
52 13 18 
52 14 19 
52 14 20 
53 0 11 
53 0 12 
53 13 18 
54 0 14 
54 0 15 
54 0 16 
54 1 14 
54 2 12 
54 2 13 
54 2 16 
54 3 13 
54 12 20 
54 13 20 
54 14 19 
60 62 64 
60 65 63 
61 60 60 
61 61 61 
61 62 65 
62 62 64 
62 64 64 
62 65 63 
63 60 63 
64 62 61 
64 64 65 
65 64 62 
65 64 65 
65 65 63 
65 65 65 