88
6
0
0 0 3 
0 5 17 
0 6 19 
0 6 20 
0 20 12 
0 21 12 
0 22 12 
0 23 15 
0 24 12 
1 1 1 
1 1 3 
1 3 2 
1 4 3 
1 5 16 
1 6 18 
1 8 17 
1 21 14 
1 23 15 
2 3 5 
2 24 12 
2 24 15 
3 2 4 
3 5 5 
3 9 17 
3 9 20 
3 10 18 
3 20 14 
3 21 11 
3 23 13 
3 25 11 
3 25 14 
4 6 15 
4 7 20 
4 8 17 
4 21 14 
4 22 11 
5 0 5 
5 1 0 
5 2 0 
5 2 34 
5 5 0 
5 8 17 
5 22 10 
5 25 14 
7 1 30 
8 3 32 
8 4 31 
8 4 35 
9 1 30 
9 2 31 
9 3 35 
9 4 35 
9 5 35 
10 3 30 
10 5 35 
10 15 4 
11 16 1 
11 17 1 
11 17 3 
11 20 5 
12 15 0 
12 16 0 
12 17 2 
12 19 3 
13 17 2 
13 18 1 
13 19 3 
13 20 3 
14 15 1 
14 18 4 
14 19 3 
20 12 35 
20 13 39 
21 12 36 
21 14 37 
22 10 36 
22 11 39 
23 10 40 
23 12 37 
23 13 38 
23 14 35 
24 10 40 
24 12 36 
24 12 40 
24 13 37 
25 11 36 
25 12 38 
25 13 40 